# Created by Octave 10.2.0, Mon Jan 05 21:59:08 2026 UTC <unknown@LucasLenovo>
# name: theta1
# type: matrix
# rows: 2
# columns: 1
 0.96911092083082073
 0.034066528134993342


# name: theta2
# type: matrix
# rows: 4
# columns: 1
 1.929071056963886
 -0.93356931253304609
 0.0022556179429374934
 0.0022556179429374934


# name: J1
# type: scalar
0.63318302809969118


# name: J2
# type: scalar
0.0005573160921639854


# name: sys_d
# type: class
# classname: tf
# length: 5
# name: den
# type: cell
# rows: 1
# columns: 1
# name: <cell-element>
# type: cell
# rows: 1
# columns: 1
# name: <cell-element>
# type: class
# classname: tfpoly
# length: 1
# name: poly
# type: cell
# rows: 1
# columns: 1
# name: <cell-element>
# type: matrix
# rows: 1
# columns: 3
 1 -1.929071056963886 0.93356931253304609













# name: inv
# type: cell
# rows: 1
# columns: 1
# name: <cell-element>
# type: bool
0





# name: lti
# type: cell
# rows: 1
# columns: 1
# name: <cell-element>
# type: class
# classname: lti
# length: 8
# name: ingroup
# type: cell
# rows: 1
# columns: 1
# name: <cell-element>
# type: scalar struct
# ndims: 2
 1 1
# length: 0





# name: inname
# type: cell
# rows: 1
# columns: 1
# name: <cell-element>
# type: cell
# rows: 1
# columns: 1
# name: <cell-element>
# type: null_string
# elements: 0








# name: name
# type: cell
# rows: 1
# columns: 1
# name: <cell-element>
# type: null_string
# elements: 0





# name: notes
# type: cell
# rows: 1
# columns: 1
# name: <cell-element>
# type: cell
# rows: 0
# columns: 0





# name: outgroup
# type: cell
# rows: 1
# columns: 1
# name: <cell-element>
# type: scalar struct
# ndims: 2
 1 1
# length: 0





# name: outname
# type: cell
# rows: 1
# columns: 1
# name: <cell-element>
# type: cell
# rows: 1
# columns: 1
# name: <cell-element>
# type: null_string
# elements: 0








# name: tsam
# type: cell
# rows: 1
# columns: 1
# name: <cell-element>
# type: scalar
0.01





# name: userdata
# type: cell
# rows: 1
# columns: 1
# name: <cell-element>
# type: null_matrix
# rows: 0
# columns: 0










# name: num
# type: cell
# rows: 1
# columns: 1
# name: <cell-element>
# type: cell
# rows: 1
# columns: 1
# name: <cell-element>
# type: class
# classname: tfpoly
# length: 1
# name: poly
# type: cell
# rows: 1
# columns: 1
# name: <cell-element>
# type: matrix
# rows: 1
# columns: 2
 0.0022556179429374934 0.0022556179429374934













# name: tfvar
# type: cell
# rows: 1
# columns: 1
# name: <cell-element>
# type: string
# elements: 1
# length: 1
z







# name: sys_c
# type: class
# classname: tf
# length: 5
# name: den
# type: cell
# rows: 1
# columns: 1
# name: <cell-element>
# type: cell
# rows: 1
# columns: 1
# name: <cell-element>
# type: class
# classname: tfpoly
# length: 1
# name: poly
# type: cell
# rows: 1
# columns: 1
# name: <cell-element>
# type: matrix
# rows: 1
# columns: 3
 1 6.8740068587461778 46.564383353305466













# name: inv
# type: cell
# rows: 1
# columns: 1
# name: <cell-element>
# type: bool
0





# name: lti
# type: cell
# rows: 1
# columns: 1
# name: <cell-element>
# type: class
# classname: lti
# length: 8
# name: ingroup
# type: cell
# rows: 1
# columns: 1
# name: <cell-element>
# type: scalar struct
# ndims: 2
 1 1
# length: 0





# name: inname
# type: cell
# rows: 1
# columns: 1
# name: <cell-element>
# type: cell
# rows: 1
# columns: 1
# name: <cell-element>
# type: null_string
# elements: 0








# name: name
# type: cell
# rows: 1
# columns: 1
# name: <cell-element>
# type: null_string
# elements: 0





# name: notes
# type: cell
# rows: 1
# columns: 1
# name: <cell-element>
# type: cell
# rows: 0
# columns: 0





# name: outgroup
# type: cell
# rows: 1
# columns: 1
# name: <cell-element>
# type: scalar struct
# ndims: 2
 1 1
# length: 0





# name: outname
# type: cell
# rows: 1
# columns: 1
# name: <cell-element>
# type: cell
# rows: 1
# columns: 1
# name: <cell-element>
# type: null_string
# elements: 0








# name: tsam
# type: cell
# rows: 1
# columns: 1
# name: <cell-element>
# type: scalar
0





# name: userdata
# type: cell
# rows: 1
# columns: 1
# name: <cell-element>
# type: null_matrix
# rows: 0
# columns: 0










# name: num
# type: cell
# rows: 1
# columns: 1
# name: <cell-element>
# type: cell
# rows: 1
# columns: 1
# name: <cell-element>
# type: class
# classname: tfpoly
# length: 1
# name: poly
# type: cell
# rows: 1
# columns: 1
# name: <cell-element>
# type: matrix
# rows: 1
# columns: 2
 -0.0026763058357640581 46.698751095261755













# name: tfvar
# type: cell
# rows: 1
# columns: 1
# name: <cell-element>
# type: string
# elements: 1
# length: 1
s







